0 0.555625 0.184375 0.086250 0.106250
0 0.598125 0.318750 0.086250 0.095833
0 0.504375 0.297917 0.086250 0.083333
0 0.510000 0.390625 0.107500 0.081250
0 0.526875 0.465625 0.101250 0.089583
0 0.627500 0.468750 0.087500 0.095833
0 0.674375 0.558333 0.101250 0.087500
0 0.575625 0.563542 0.083750 0.085417
0 0.553125 0.646875 0.088750 0.081250
0 0.459375 0.635417 0.096250 0.091667
0 0.370625 0.673958 0.088750 0.089583
0 0.288750 0.797917 0.105000 0.091667
0 0.180000 0.771875 0.082500 0.093750
0 0.083125 0.658333 0.088750 0.095833
0 0.126875 0.596875 0.076250 0.077083
0 0.093750 0.533333 0.100000 0.091667
0 0.186250 0.665625 0.095000 0.089583
0 0.281875 0.638542 0.096250 0.102083
0 0.206875 0.498958 0.091250 0.068750
0 0.222500 0.567708 0.105000 0.081250
0 0.313750 0.458333 0.092500 0.091667
0 0.326250 0.534375 0.082500 0.077083
0 0.385625 0.583333 0.078750 0.087500
0 0.481875 0.551042 0.091250 0.072917
0 0.400625 0.342708 0.098750 0.093750
0 0.411875 0.428125 0.088750 0.077083
0 0.425000 0.492708 0.085000 0.064583
