0 0.363750 0.187500 0.062500 0.091667
0 0.432500 0.270833 0.060000 0.108333
0 0.358125 0.298958 0.051250 0.093750
0 0.386250 0.346875 0.055000 0.072917
0 0.420625 0.410417 0.063750 0.095833
0 0.508750 0.377083 0.070000 0.112500
0 0.492500 0.494792 0.065000 0.093750
0 0.573750 0.445833 0.075000 0.116667
0 0.510625 0.591667 0.083750 0.095833
0 0.428125 0.597917 0.073750 0.091667
0 0.424375 0.515625 0.068750 0.097917
0 0.361250 0.493750 0.072500 0.079167
0 0.335000 0.437500 0.070000 0.095833
0 0.305000 0.366667 0.062500 0.091667
0 0.277500 0.501042 0.062500 0.089583
0 0.308125 0.553125 0.063750 0.093750
0 0.359375 0.586458 0.063750 0.085417
0 0.373750 0.681250 0.070000 0.112500
0 0.303750 0.672917 0.057500 0.079167
0 0.249375 0.616667 0.051250 0.083333
0 0.220000 0.554167 0.060000 0.087500
0 0.158750 0.623958 0.057500 0.085417
0 0.195000 0.684375 0.062500 0.089583
0 0.246875 0.720833 0.058750 0.104167
0 0.268125 0.847917 0.061250 0.100000
0 0.350000 0.840625 0.072500 0.114583
0 0.182500 0.784375 0.062500 0.089583
