0 0.189375 0.246875 0.071250 0.118750
0 0.283125 0.279167 0.103750 0.120833
0 0.390625 0.272917 0.078750 0.095833
0 0.480625 0.268750 0.073750 0.104167
0 0.490000 0.157292 0.072500 0.093750
0 0.576875 0.166667 0.083750 0.100000
0 0.583750 0.260417 0.095000 0.100000
0 0.657500 0.218750 0.057500 0.125000
0 0.635625 0.078125 0.078750 0.106250
0 0.591250 0.371875 0.100000 0.118750
0 0.486250 0.373958 0.080000 0.089583
0 0.384375 0.378125 0.078750 0.102083
0 0.430625 0.491667 0.086250 0.125000
0 0.530625 0.488542 0.093750 0.152083
0 0.495625 0.618750 0.113750 0.170833
0 0.596875 0.694792 0.093750 0.181250
0 0.401875 0.648958 0.093750 0.168750
0 0.255000 0.825000 0.110000 0.158333
0 0.176875 0.712500 0.061250 0.129167
0 0.204375 0.493750 0.093750 0.162500
0 0.187500 0.356250 0.060000 0.120833
0 0.302500 0.504167 0.092500 0.170833
0 0.278750 0.375000 0.105000 0.120833
0 0.623750 0.541667 0.090000 0.129167
