0 0.294375 0.220833 0.068750 0.062500
0 0.245625 0.387500 0.071250 0.095833
0 0.300625 0.555208 0.083750 0.127083
0 0.388750 0.630208 0.085000 0.131250
0 0.481250 0.460417 0.077500 0.116667
0 0.415000 0.392708 0.072500 0.127083
0 0.333750 0.391667 0.077500 0.116667
0 0.307500 0.301042 0.070000 0.085417
0 0.387500 0.291667 0.062500 0.100000
0 0.375625 0.211458 0.056250 0.064583
0 0.448125 0.189583 0.071250 0.083333
0 0.452500 0.258333 0.067500 0.079167
0 0.495000 0.334375 0.067500 0.085417
0 0.571250 0.318750 0.065000 0.087500
0 0.556250 0.417708 0.077500 0.106250
0 0.635625 0.458333 0.073750 0.091667
0 0.647500 0.351042 0.082500 0.110417
0 0.738750 0.359375 0.077500 0.114583
0 0.690625 0.253125 0.061250 0.097917
0 0.599375 0.212500 0.058750 0.087500
0 0.527500 0.242708 0.065000 0.089583
0 0.521875 0.173958 0.071250 0.089583
0 0.588750 0.158333 0.070000 0.083333
0 0.651250 0.098958 0.052500 0.081250
0 0.578125 0.071875 0.061250 0.081250
0 0.518750 0.096875 0.072500 0.093750
