0 0.406250 0.273958 0.042500 0.068750
0 0.412500 0.364583 0.042500 0.083333
0 0.428125 0.468750 0.071250 0.133333
0 0.481875 0.381250 0.061250 0.108333
0 0.486875 0.293750 0.061250 0.091667
0 0.558125 0.286458 0.056250 0.102083
0 0.566250 0.377083 0.065000 0.100000
0 0.512500 0.491667 0.065000 0.112500
0 0.472500 0.738542 0.082500 0.160417
0 0.579375 0.590625 0.071250 0.156250
0 0.658125 0.561458 0.076250 0.152083
0 0.601875 0.465625 0.073750 0.110417
0 0.738750 0.628125 0.082500 0.152083
0 0.764375 0.510417 0.081250 0.154167
0 0.688750 0.456250 0.075000 0.116667
0 0.653750 0.365625 0.075000 0.093750
0 0.736250 0.359375 0.067500 0.114583
0 0.728125 0.255208 0.086250 0.122917
0 0.732500 0.180208 0.067500 0.093750
0 0.652500 0.185417 0.075000 0.100000
0 0.645000 0.273958 0.070000 0.077083
0 0.787500 0.229167 0.057500 0.120833
0 0.776250 0.110417 0.085000 0.112500
