0 0.666875 0.284375 0.143750 0.260417
0 0.698750 0.511458 0.095000 0.181250
0 0.578750 0.559375 0.135000 0.231250
0 0.456250 0.479167 0.102500 0.191667
0 0.243750 0.481250 0.037500 0.045833
0 0.223125 0.351042 0.026250 0.043750
0 0.243125 0.322917 0.026250 0.037500
0 0.261250 0.351042 0.022500 0.035417
0 0.211250 0.180208 0.035000 0.052083
0 0.241875 0.185417 0.026250 0.045833
0 0.207500 0.051042 0.025000 0.035417
0 0.246875 0.023958 0.028750 0.039583
0 0.231250 0.076042 0.027500 0.043750
0 0.258125 0.069792 0.021250 0.039583
