0 0.251875 0.437500 0.086250 0.091667
0 0.245000 0.516667 0.092500 0.083333
0 0.158125 0.551042 0.086250 0.106250
0 0.193125 0.692708 0.093750 0.072917
0 0.271250 0.762500 0.082500 0.083333
0 0.258750 0.587500 0.102500 0.100000
0 0.351250 0.622917 0.087500 0.095833
0 0.400000 0.709375 0.080000 0.093750
0 0.335625 0.545833 0.093750 0.079167
0 0.353750 0.479167 0.097500 0.091667
0 0.445625 0.507292 0.071250 0.072917
0 0.436250 0.571875 0.077500 0.085417
0 0.450625 0.639583 0.083750 0.083333
0 0.511250 0.588542 0.065000 0.085417
0 0.525000 0.650000 0.072500 0.075000
0 0.533125 0.752083 0.078750 0.087500
0 0.584375 0.696875 0.073750 0.064583
0 0.648750 0.731250 0.060000 0.083333
0 0.656250 0.666667 0.070000 0.087500
0 0.588750 0.595833 0.065000 0.075000
0 0.532500 0.519792 0.070000 0.060417
0 0.559375 0.462500 0.068750 0.079167
0 0.630625 0.491667 0.068750 0.062500
0 0.608750 0.544792 0.060000 0.072917
0 0.688125 0.541667 0.071250 0.091667
0 0.709375 0.440625 0.071250 0.077083
