0 0.241250 0.185417 0.025000 0.045833
0 0.212500 0.354167 0.025000 0.050000
0 0.245625 0.359375 0.023750 0.047917
0 0.205000 0.233333 0.012500 0.033333
0 0.233125 0.244792 0.023750 0.039583
0 0.243125 0.497917 0.023750 0.037500
0 0.228125 0.536458 0.028750 0.047917
0 0.246250 0.685417 0.020000 0.054167
0 0.266250 0.872917 0.045000 0.058333
0 0.276250 0.695833 0.017500 0.033333
0 0.235000 0.890625 0.027500 0.039583
0 0.225625 0.711458 0.018750 0.027083
0 0.263750 0.527083 0.020000 0.058333
0 0.266250 0.359375 0.017500 0.039583
0 0.255625 0.230208 0.018750 0.039583
0 0.492500 0.615625 0.120000 0.222917
0 0.655000 0.687500 0.167500 0.300000
0 0.811250 0.611458 0.125000 0.214583
0 0.741875 0.336458 0.188750 0.293750
