0 0.391250 0.707292 0.127500 0.227083
0 0.753125 0.695833 0.148750 0.287500
0 0.570625 0.572917 0.238750 0.458333
0 0.034375 0.330208 0.048750 0.081250
0 0.082500 0.347917 0.037500 0.062500
0 0.024375 0.115625 0.028750 0.047917
0 0.066250 0.155208 0.042500 0.060417
0 0.095000 0.073958 0.035000 0.077083
0 0.105625 0.144792 0.033750 0.068750
0 0.119375 0.352083 0.028750 0.054167
0 0.073125 0.543750 0.036250 0.062500
0 0.100625 0.587500 0.036250 0.066667
0 0.042500 0.589583 0.032500 0.058333
0 0.075000 0.786458 0.052500 0.072917
