0 0.271250 0.108333 0.022500 0.037500
0 0.234375 0.127083 0.016250 0.025000
0 0.253750 0.146875 0.020000 0.031250
0 0.272500 0.146875 0.010000 0.022917
0 0.233125 0.236458 0.023750 0.039583
0 0.257500 0.245833 0.015000 0.037500
0 0.243750 0.357292 0.020000 0.027083
0 0.228750 0.373958 0.017500 0.039583
0 0.262500 0.390625 0.017500 0.052083
0 0.273125 0.257292 0.011250 0.027083
0 0.238125 0.490625 0.023750 0.035417
0 0.412500 0.522917 0.080000 0.145833
0 0.503750 0.608333 0.105000 0.179167
0 0.601250 0.595833 0.077500 0.120833
0 0.601875 0.413542 0.116250 0.210417
