0 0.402500 0.048958 0.052500 0.072917
0 0.439375 0.146875 0.073750 0.097917
0 0.382500 0.140625 0.062500 0.077083
0 0.391875 0.196875 0.058750 0.056250
0 0.405625 0.262500 0.056250 0.070833
0 0.475625 0.266667 0.058750 0.083333
0 0.526250 0.354167 0.065000 0.104167
0 0.455625 0.363542 0.073750 0.114583
0 0.458750 0.482292 0.070000 0.110417
0 0.324375 0.180208 0.051250 0.077083
0 0.336875 0.251042 0.056250 0.064583
0 0.348750 0.314583 0.057500 0.062500
0 0.387500 0.360417 0.057500 0.087500
0 0.380000 0.465625 0.062500 0.110417
0 0.281250 0.293750 0.050000 0.079167
0 0.289375 0.359375 0.051250 0.072917
0 0.327500 0.409375 0.065000 0.081250
0 0.325000 0.517708 0.057500 0.122917
0 0.227500 0.341667 0.045000 0.066667
0 0.235625 0.407292 0.056250 0.068750
0 0.271250 0.478125 0.045000 0.114583
0 0.176875 0.375000 0.041250 0.083333
0 0.185625 0.439583 0.051250 0.066667
0 0.212500 0.505208 0.055000 0.106250
0 0.278750 0.673958 0.070000 0.127083
0 0.206875 0.650000 0.061250 0.133333
0 0.160625 0.525000 0.053750 0.095833
