0 0.313125 0.256250 0.066250 0.104167
0 0.314375 0.361458 0.061250 0.097917
0 0.325000 0.479167 0.075000 0.137500
0 0.300625 0.672917 0.051250 0.125000
0 0.367500 0.763542 0.097500 0.189583
0 0.483750 0.618750 0.075000 0.154167
0 0.628125 0.662500 0.071250 0.145833
0 0.662500 0.545833 0.060000 0.145833
0 0.598125 0.494792 0.068750 0.114583
0 0.515000 0.491667 0.070000 0.112500
0 0.420000 0.502083 0.082500 0.125000
0 0.394375 0.385417 0.068750 0.091667
0 0.394375 0.294792 0.071250 0.110417
0 0.480625 0.306250 0.063750 0.091667
0 0.476875 0.398958 0.066250 0.114583
0 0.552500 0.383333 0.067500 0.112500
0 0.559375 0.305208 0.066250 0.093750
0 0.628750 0.302083 0.072500 0.091667
0 0.625000 0.391667 0.070000 0.116667
0 0.625000 0.223958 0.052500 0.085417
0 0.564375 0.217708 0.071250 0.102083
0 0.667500 0.152083 0.055000 0.091667
0 0.681875 0.276042 0.036250 0.097917
