0 0.586875 0.139583 0.066250 0.104167
0 0.538125 0.223958 0.063750 0.093750
0 0.461875 0.237500 0.068750 0.095833
0 0.465625 0.333333 0.068750 0.104167
0 0.461875 0.418750 0.073750 0.095833
0 0.546875 0.402083 0.078750 0.108333
0 0.641875 0.459375 0.081250 0.110417
0 0.616875 0.273958 0.076250 0.114583
0 0.545625 0.319792 0.083750 0.102083
0 0.371250 0.333333 0.080000 0.100000
0 0.290625 0.348958 0.076250 0.102083
0 0.196875 0.341667 0.078750 0.075000
0 0.201875 0.438542 0.076250 0.085417
0 0.140000 0.532292 0.077500 0.118750
0 0.230000 0.546875 0.075000 0.122917
0 0.199375 0.729167 0.098750 0.129167
0 0.285000 0.798958 0.085000 0.110417
0 0.386875 0.662500 0.083750 0.158333
0 0.332500 0.556250 0.082500 0.137500
0 0.293750 0.446875 0.092500 0.114583
0 0.380625 0.436458 0.076250 0.093750
0 0.414375 0.519792 0.071250 0.102083
0 0.473750 0.618750 0.087500 0.137500
0 0.560625 0.676042 0.096250 0.168750
0 0.589375 0.564583 0.081250 0.129167
0 0.678750 0.591667 0.085000 0.162500
