0 0.583125 0.318750 0.161250 0.304167
0 0.608125 0.588542 0.111250 0.193750
0 0.471875 0.619792 0.148750 0.260417
0 0.336250 0.540625 0.117500 0.235417
0 0.055000 0.188542 0.037500 0.060417
0 0.088125 0.196875 0.023750 0.043750
0 0.112500 0.211458 0.015000 0.043750
0 0.086250 0.345833 0.030000 0.041667
0 0.111875 0.386458 0.026250 0.047917
0 0.088750 0.397917 0.020000 0.054167
0 0.066875 0.388542 0.026250 0.047917
0 0.048125 0.036458 0.021250 0.035417
0 0.075000 0.061458 0.020000 0.039583
0 0.100000 0.054167 0.020000 0.050000
0 0.092500 0.535417 0.035000 0.050000
