0 0.586250 0.500000 0.150000 0.250000
0 0.140625 0.182292 0.033750 0.052083
0 0.100625 0.208333 0.026250 0.037500
0 0.129375 0.234375 0.023750 0.035417
0 0.149375 0.229167 0.036250 0.037500
0 0.108750 0.339583 0.027500 0.045833
0 0.139375 0.345833 0.021250 0.045833
0 0.140000 0.478125 0.025000 0.039583
0 0.162500 0.511458 0.022500 0.031250
0 0.123750 0.501042 0.030000 0.039583
0 0.146250 0.615625 0.027500 0.039583
0 0.356875 0.637500 0.103750 0.162500
0 0.474375 0.716667 0.126250 0.204167
0 0.590000 0.706250 0.095000 0.154167
