0 0.638750 0.358333 0.072500 0.108333
0 0.622500 0.429167 0.060000 0.091667
0 0.585000 0.530208 0.067500 0.097917
0 0.659375 0.542708 0.073750 0.139583
0 0.615625 0.793750 0.083750 0.137500
0 0.723750 0.645833 0.067500 0.112500
0 0.753125 0.517708 0.063750 0.089583
0 0.814375 0.622917 0.068750 0.145833
0 0.900000 0.694792 0.077500 0.160417
0 0.925000 0.584375 0.075000 0.131250
0 0.848125 0.514583 0.078750 0.112500
0 0.807500 0.418750 0.070000 0.112500
0 0.721875 0.423958 0.073750 0.081250
0 0.717500 0.334375 0.065000 0.097917
0 0.800000 0.333333 0.082500 0.095833
0 0.880000 0.323958 0.070000 0.068750
0 0.879375 0.411458 0.078750 0.122917
0 0.882500 0.232292 0.065000 0.102083
0 0.811250 0.246875 0.072500 0.097917
0 0.946875 0.286458 0.036250 0.106250
0 0.933750 0.170833 0.067500 0.104167
