0 0.526875 0.148958 0.051250 0.077083
0 0.544375 0.255208 0.048750 0.093750
0 0.568750 0.382292 0.060000 0.085417
0 0.595000 0.485417 0.067500 0.104167
0 0.494375 0.211458 0.048750 0.060417
0 0.498125 0.273958 0.051250 0.056250
0 0.501250 0.345833 0.060000 0.066667
0 0.530000 0.454167 0.060000 0.095833
0 0.515000 0.537500 0.070000 0.108333
0 0.443750 0.228125 0.055000 0.060417
0 0.440625 0.289583 0.051250 0.054167
0 0.441250 0.350000 0.052500 0.066667
0 0.471875 0.419792 0.053750 0.064583
0 0.453125 0.488542 0.056250 0.093750
0 0.385625 0.293750 0.053750 0.070833
0 0.386250 0.356250 0.052500 0.062500
0 0.411875 0.420833 0.053750 0.058333
0 0.396875 0.509375 0.053750 0.093750
0 0.330625 0.308333 0.046250 0.075000
0 0.335625 0.377083 0.058750 0.058333
0 0.352500 0.454167 0.050000 0.087500
0 0.335625 0.620833 0.063750 0.120833
0 0.271875 0.551042 0.053750 0.106250
0 0.273125 0.300000 0.046250 0.070833
0 0.278125 0.367708 0.048750 0.056250
0 0.296875 0.441667 0.048750 0.091667
0 0.238750 0.430208 0.047500 0.102083
