0 0.235000 0.252083 0.035000 0.041667
0 0.183125 0.270833 0.021250 0.033333
0 0.206875 0.295833 0.026250 0.041667
0 0.233750 0.295833 0.022500 0.041667
0 0.171250 0.391667 0.032500 0.054167
0 0.206875 0.412500 0.028750 0.037500
0 0.185000 0.528125 0.027500 0.052083
0 0.199375 0.565625 0.023750 0.043750
0 0.179375 0.571875 0.016250 0.039583
0 0.160625 0.558333 0.021250 0.041667
0 0.165625 0.673958 0.026250 0.043750
0 0.591250 0.640625 0.132500 0.222917
0 0.571250 0.829167 0.087500 0.137500
0 0.464375 0.821875 0.113750 0.168750
0 0.369375 0.732292 0.098750 0.152083
