0 0.540000 0.289583 0.020000 0.045833
0 0.567500 0.151042 0.025000 0.039583
0 0.551250 0.193750 0.020000 0.033333
0 0.562500 0.290625 0.017500 0.043750
0 0.559375 0.401042 0.011250 0.022917
0 0.544375 0.422917 0.018750 0.025000
0 0.573125 0.425000 0.011250 0.029167
0 0.559375 0.520833 0.026250 0.041667
0 0.531875 0.184375 0.018750 0.027083
0 0.578750 0.295833 0.015000 0.033333
0 0.732500 0.517708 0.090000 0.135417
0 0.838125 0.582292 0.118750 0.177083
0 0.952500 0.553125 0.095000 0.164583
0 0.940000 0.355208 0.120000 0.193750
