0 0.501250 0.352083 0.022500 0.037500
0 0.488125 0.387500 0.021250 0.033333
0 0.505625 0.379167 0.018750 0.037500
0 0.466875 0.372917 0.011250 0.029167
0 0.476250 0.480208 0.017500 0.031250
0 0.497500 0.479167 0.015000 0.033333
0 0.514375 0.486458 0.011250 0.018750
0 0.495000 0.575000 0.017500 0.029167
0 0.483750 0.601042 0.020000 0.035417
0 0.512500 0.601042 0.017500 0.027083
0 0.500000 0.695833 0.025000 0.029167
0 0.659375 0.689583 0.073750 0.133333
0 0.758125 0.760417 0.106250 0.183333
0 0.862500 0.735417 0.082500 0.120833
0 0.846875 0.541667 0.131250 0.212500
