0 0.401875 0.173958 0.128750 0.247917
0 0.433750 0.386458 0.092500 0.168750
0 0.325625 0.432292 0.113750 0.222917
0 0.221875 0.375000 0.083750 0.170833
0 0.063125 0.033333 0.023750 0.033333
0 0.067500 0.064583 0.017500 0.029167
0 0.053750 0.075000 0.020000 0.025000
0 0.038125 0.067708 0.013750 0.022917
0 0.042500 0.165625 0.020000 0.043750
0 0.062500 0.170833 0.017500 0.037500
0 0.060000 0.269792 0.022500 0.027083
0 0.075625 0.297917 0.018750 0.029167
0 0.047500 0.301042 0.025000 0.031250
0 0.066250 0.398958 0.030000 0.031250
