0 0.153750 0.293750 0.042500 0.100000
0 0.161250 0.400000 0.055000 0.095833
0 0.171875 0.509375 0.076250 0.131250
0 0.158750 0.697917 0.047500 0.141667
0 0.229375 0.810417 0.106250 0.183333
0 0.336250 0.634375 0.082500 0.156250
0 0.261875 0.521875 0.081250 0.139583
0 0.431250 0.600000 0.090000 0.179167
0 0.518750 0.679167 0.090000 0.162500
0 0.543750 0.543750 0.085000 0.125000
0 0.463750 0.467708 0.077500 0.139583
0 0.364375 0.497917 0.098750 0.112500
0 0.324375 0.394792 0.096250 0.110417
0 0.233750 0.403125 0.092500 0.106250
0 0.231875 0.287500 0.081250 0.112500
0 0.322500 0.294792 0.082500 0.102083
0 0.416875 0.378125 0.071250 0.089583
0 0.506250 0.370833 0.070000 0.108333
0 0.408125 0.271875 0.073750 0.089583
0 0.499375 0.266667 0.081250 0.087500
0 0.498125 0.171875 0.066250 0.097917
0 0.568125 0.230208 0.046250 0.118750
0 0.550000 0.082292 0.062500 0.114583
0 0.421250 0.188542 0.080000 0.097917
