0 0.496875 0.262500 0.033750 0.058333
0 0.506875 0.336458 0.033750 0.060417
0 0.520000 0.427083 0.037500 0.058333
0 0.533125 0.505208 0.033750 0.068750
0 0.474375 0.305208 0.036250 0.047917
0 0.475000 0.346875 0.037500 0.039583
0 0.471875 0.393750 0.038750 0.050000
0 0.489375 0.480208 0.041250 0.064583
0 0.476875 0.544792 0.041250 0.077083
0 0.434375 0.304167 0.033750 0.050000
0 0.433750 0.358333 0.040000 0.045833
0 0.432500 0.406250 0.037500 0.045833
0 0.436250 0.510417 0.040000 0.070833
0 0.388750 0.355208 0.037500 0.047917
0 0.389375 0.404167 0.033750 0.050000
0 0.388125 0.520833 0.038750 0.075000
0 0.453750 0.448958 0.035000 0.043750
0 0.407500 0.453125 0.047500 0.043750
0 0.344375 0.353125 0.041250 0.052083
0 0.345000 0.410417 0.042500 0.045833
0 0.359375 0.465625 0.046250 0.064583
0 0.295000 0.347917 0.047500 0.058333
0 0.296250 0.405208 0.050000 0.043750
0 0.313750 0.462500 0.042500 0.066667
0 0.260000 0.453125 0.050000 0.081250
0 0.284375 0.552083 0.051250 0.079167
0 0.336250 0.605208 0.055000 0.085417
