0 0.392500 0.178125 0.092500 0.177083
0 0.290000 0.302083 0.097500 0.137500
0 0.275625 0.466667 0.093750 0.154167
0 0.415625 0.329167 0.073750 0.154167
0 0.461250 0.277083 0.075000 0.137500
0 0.518125 0.250000 0.078750 0.137500
0 0.532500 0.383333 0.060000 0.116667
0 0.480625 0.407292 0.066250 0.131250
0 0.434375 0.471875 0.068750 0.110417
0 0.395625 0.564583 0.078750 0.125000
0 0.468125 0.590625 0.058750 0.106250
0 0.433125 0.670833 0.071250 0.100000
0 0.416250 0.770833 0.072500 0.104167
0 0.489375 0.868750 0.056250 0.087500
0 0.480000 0.767708 0.055000 0.081250
0 0.528125 0.816667 0.053750 0.095833
0 0.553750 0.716667 0.057500 0.104167
0 0.496250 0.688542 0.060000 0.102083
0 0.529375 0.622917 0.051250 0.116667
0 0.514375 0.521875 0.058750 0.114583
0 0.553125 0.488542 0.063750 0.127083
0 0.577500 0.601042 0.045000 0.102083
0 0.621250 0.586458 0.052500 0.081250
0 0.632500 0.681250 0.035000 0.079167
0 0.680625 0.710417 0.043750 0.095833
0 0.623750 0.754167 0.050000 0.075000
0 0.599375 0.688542 0.053750 0.093750
